#Layer_Color=32768
#
#Feature symbol names
#
$0 r3.937

#
#Feature attribute names
#

#
#Layer features
#
L 0.0677559 1.1443307 0.0677559 1.1856693 0 P 0
L 0.0677559 1.1443307 0.1622441 1.1443307 0 P 0
L 0.0677559 1.1856693 0.1622441 1.1856693 0 P 0
L 0.0677559 1.2143307 0.0677559 1.2556693 0 P 0
L 0.0677559 1.2143307 0.1622441 1.2143307 0 P 0
L 0.0677559 1.2556693 0.1622441 1.2556693 0 P 0
L 0.0962993 1.165 0.1337008 1.165 0 P 0
L 0.0962993 1.235 0.1337008 1.235 0 P 0
L 0.115 1.1462992 0.115 1.1837008 0 P 0
L 0.115 1.2162992 0.115 1.2537008 0 P 0
L 0.1493307 0.4227559 0.1493307 0.5172441 0 P 0
L 0.1493307 0.4227559 0.1906693 0.4227559 0 P 0
L 0.1493307 0.5172441 0.1906693 0.5172441 0 P 0
L 0.1512992 0.47 0.1887008 0.47 0 P 0
L 0.1622441 1.1443307 0.1622441 1.1856693 0 P 0
L 0.1622441 1.2143307 0.1622441 1.2556693 0 P 0
L 0.17 0.4512992 0.17 0.4887007 0 P 0
L 0.1906693 0.4227559 0.1906693 0.5172441 0 P 0
L 0.2143307 0.1077559 0.2143307 0.2022441 0 P 0
L 0.2143307 0.1077559 0.2556693 0.1077559 0 P 0
L 0.2143307 0.2022441 0.2556693 0.2022441 0 P 0
L 0.2162992 0.155 0.2537008 0.155 0 P 0
L 0.2193307 0.3627559 0.2193307 0.4572441 0 P 0
L 0.2193307 0.3627559 0.2606693 0.3627559 0 P 0
L 0.2193307 0.4572441 0.2606693 0.4572441 0 P 0
L 0.2193307 0.4977559 0.2193307 0.5922441 0 P 0
L 0.2193307 0.4977559 0.2606693 0.4977559 0 P 0
L 0.2193307 0.5922441 0.2606693 0.5922441 0 P 0
L 0.2212992 0.41 0.2587008 0.41 0 P 0
L 0.2212992 0.545 0.2587008 0.545 0 P 0
L 0.235 0.1362993 0.235 0.1737008 0 P 0
L 0.24 0.3912993 0.24 0.4287008 0 P 0
L 0.24 0.5262993 0.24 0.5637008 0 P 0
L 0.2556693 0.1077559 0.2556693 0.2022441 0 P 0
L 0.2606693 0.3627559 0.2606693 0.4572441 0 P 0
L 0.2606693 0.4977559 0.2606693 0.5922441 0 P 0
L 0.2793307 0.1077559 0.2793307 0.2022441 0 P 0
L 0.2793307 0.1077559 0.3206693 0.1077559 0 P 0
L 0.2793307 0.2022441 0.3206693 0.2022441 0 P 0
L 0.2812992 0.155 0.3187008 0.155 0 P 0
L 0.3 0.1362992 0.3 0.1737007 0 P 0
L 0.3143307 0.5727559 0.3143307 0.6672441 0 P 0
L 0.3143307 0.5727559 0.3556693 0.5727559 0 P 0
L 0.3143307 0.6672441 0.3556693 0.6672441 0 P 0
L 0.3162992 0.62 0.3537008 0.62 0 P 0
L 0.3206693 0.1077559 0.3206693 0.2022441 0 P 0
L 0.335 0.6012992 0.335 0.6387007 0 P 0
L 0.3452362 0.7064173 0.3452362 0.8835826 0 P 0
L 0.3452362 0.7064173 0.6247638 0.7064173 0 P 0
L 0.3452362 0.8835826 0.6247638 0.8835826 0 P 0
L 0.3556693 0.5727559 0.3556693 0.6672441 0 P 0
L 0.3677559 0.3393307 0.3677559 0.3806693 0 P 0
L 0.3677559 0.3393307 0.4622441 0.3393307 0 P 0
L 0.3677559 0.3806693 0.4622441 0.3806693 0 P 0
L 0.3843307 0.5727559 0.3843307 0.6672441 0 P 0
L 0.3843307 0.5727559 0.4256693 0.5727559 0 P 0
L 0.3843307 0.6672441 0.4256693 0.6672441 0 P 0
L 0.3862992 0.62 0.4237008 0.62 0 P 0
L 0.3962992 0.36 0.4337007 0.36 0 P 0
L 0.405 0.6012993 0.405 0.6387008 0 P 0
L 0.415 0.3412992 0.415 0.3787008 0 P 0
L 0.4256693 0.5727559 0.4256693 0.6672441 0 P 0
L 0.4611024 0.0532283 0.4611024 0.2067716 0 P 0
L 0.4611024 0.0532283 0.5988977 0.0532283 0 P 0
L 0.4611024 0.2067716 0.5988977 0.2067716 0 P 0
L 0.4622441 0.3393307 0.4622441 0.3806693 0 P 0
L 0.465315 0.795 0.5046851 0.795 0 P 0
L 0.4827559 0.2243307 0.4827559 0.2656693 0 P 0
L 0.4827559 0.2243307 0.5772441 0.2243307 0 P 0
L 0.4827559 0.2656693 0.5772441 0.2656693 0 P 0
L 0.4843307 1.4027559 0.4843307 1.4972441 0 P 0
L 0.4843307 1.4027559 0.5256693 1.4027559 0 P 0
L 0.4843307 1.4972441 0.5256693 1.4972441 0 P 0
L 0.485 0.7753149 0.485 0.814685 0 P 0
L 0.4862992 1.45 0.5237008 1.45 0 P 0
L 0.4877559 0.4093307 0.4877559 0.4506693 0 P 0
L 0.4877559 0.4093307 0.5822441 0.4093307 0 P 0
L 0.4877559 0.4506693 0.5822441 0.4506693 0 P 0
L 0.4877559 0.4993307 0.4877559 0.5406693 0 P 0
L 0.4877559 0.4993307 0.5822441 0.4993307 0 P 0
L 0.4877559 0.5406693 0.5822441 0.5406693 0 P 0
L 0.505 1.4312992 0.505 1.4687007 0 P 0
L 0.510315 0.1299999 0.5496851 0.1299999 0 P 0
L 0.5112993 0.245 0.5487008 0.245 0 P 0
L 0.5162993 0.43 0.5537008 0.43 0 P 0
L 0.5162993 0.52 0.5537008 0.52 0 P 0
L 0.5256693 1.4027559 0.5256693 1.4972441 0 P 0
L 0.53 0.1103149 0.53 0.149685 0 P 0
L 0.53 0.2262992 0.53 0.2637008 0 P 0
L 0.535 0.4112992 0.535 0.4487008 0 P 0
L 0.535 0.5012992 0.535 0.5387008 0 P 0
L 0.5648819 1.3412598 0.5648819 1.4987402 0 P 0
L 0.5648819 1.3412598 0.6751181 1.3412598 0 P 0
L 0.5648819 1.4987402 0.6751181 1.4987402 0 P 0
L 0.5772441 0.2243307 0.5772441 0.2656693 0 P 0
L 0.5822441 0.4093307 0.5822441 0.4506693 0 P 0
L 0.5822441 0.4993307 0.5822441 0.5406693 0 P 0
L 0.5961024 0.0532283 0.5961024 0.2067716 0 P 0
L 0.5961024 0.0532283 0.7338977 0.0532283 0 P 0
L 0.5961024 0.2067716 0.7338977 0.2067716 0 P 0
L 0.5988977 0.0532283 0.5988977 0.2067716 0 P 0
L 0.600315 1.42 0.639685 1.42 0 P 0
L 0.6177559 0.2243307 0.6177559 0.2656693 0 P 0
L 0.6177559 0.2243307 0.7122441 0.2243307 0 P 0
L 0.6177559 0.2656693 0.7122441 0.2656693 0 P 0
L 0.62 1.400315 0.62 1.439685 0 P 0
L 0.6247638 0.7064173 0.6247638 0.8835826 0 P 0
L 0.645315 0.1299999 0.6846851 0.1299999 0 P 0
L 0.6462993 0.245 0.6837008 0.245 0 P 0
L 0.665 0.1103149 0.665 0.149685 0 P 0
L 0.665 0.2262992 0.665 0.2637008 0 P 0
L 0.6743307 0.3627559 0.6743307 0.4572441 0 P 0
L 0.6743307 0.3627559 0.7156693 0.3627559 0 P 0
L 0.6743307 0.4572441 0.7156693 0.4572441 0 P 0
L 0.6743307 0.4977559 0.6743307 0.5922441 0 P 0
L 0.6743307 0.4977559 0.7156693 0.4977559 0 P 0
L 0.6743307 0.5922441 0.7156693 0.5922441 0 P 0
L 0.6743307 0.6327559 0.6743307 0.7272441 0 P 0
L 0.6743307 0.6327559 0.7156693 0.6327559 0 P 0
L 0.6743307 0.7272441 0.7156693 0.7272441 0 P 0
L 0.6751181 1.3412598 0.6751181 1.4987402 0 P 0
L 0.6762992 0.41 0.7137008 0.41 0 P 0
L 0.6762992 0.545 0.7137008 0.545 0 P 0
L 0.6762992 0.68 0.7137008 0.68 0 P 0
L 0.695 0.3912992 0.695 0.4287007 0 P 0
L 0.695 0.5262992 0.695 0.5637007 0 P 0
L 0.695 0.6612992 0.695 0.6987007 0 P 0
L 0.6977559 0.9293307 0.6977559 0.9706693 0 P 0
L 0.6977559 0.9293307 0.7922441 0.9293307 0 P 0
L 0.6977559 0.9706693 0.7922441 0.9706693 0 P 0
L 0.7122441 0.2243307 0.7122441 0.2656693 0 P 0
L 0.7156693 0.3627559 0.7156693 0.4572441 0 P 0
L 0.7156693 0.4977559 0.7156693 0.5922441 0 P 0
L 0.7156693 0.6327559 0.7156693 0.7272441 0 P 0
L 0.7262598 1.0798819 0.7262598 1.1901181 0 P 0
L 0.7262598 1.0798819 0.8837402 1.0798819 0 P 0
L 0.7262598 1.1901181 0.8837402 1.1901181 0 P 0
L 0.7262993 0.95 0.7637008 0.95 0 P 0
L 0.7338977 0.0532283 0.7338977 0.2067716 0 P 0
L 0.7443307 0.3627559 0.7443307 0.4572441 0 P 0
L 0.7443307 0.3627559 0.7856693 0.3627559 0 P 0
L 0.7443307 0.4572441 0.7856693 0.4572441 0 P 0
L 0.7443307 0.4977559 0.7443307 0.5922441 0 P 0
L 0.7443307 0.4977559 0.7856693 0.4977559 0 P 0
L 0.7443307 0.5922441 0.7856693 0.5922441 0 P 0
L 0.7443307 0.6327559 0.7443307 0.7272441 0 P 0
L 0.7443307 0.6327559 0.7856693 0.6327559 0 P 0
L 0.7443307 0.7272441 0.7856693 0.7272441 0 P 0
L 0.745 0.9312992 0.745 0.9687008 0 P 0
L 0.7462992 0.41 0.7837008 0.41 0 P 0
L 0.7462992 0.545 0.7837008 0.545 0 P 0
L 0.7462992 0.68 0.7837008 0.68 0 P 0
L 0.765 0.3912993 0.765 0.4287008 0 P 0
L 0.765 0.5262992 0.765 0.5637007 0 P 0
L 0.765 0.6612993 0.765 0.6987008 0 P 0
L 0.785315 1.135 0.824685 1.135 0 P 0
L 0.7856693 0.3627559 0.7856693 0.4572441 0 P 0
L 0.7856693 0.4977559 0.7856693 0.5922441 0 P 0
L 0.7856693 0.6327559 0.7856693 0.7272441 0 P 0
L 0.7877559 1.0143307 0.7877559 1.0556693 0 P 0
L 0.7877559 1.0143307 0.8822441 1.0143307 0 P 0
L 0.7877559 1.0556693 0.8822441 1.0556693 0 P 0
L 0.7922441 0.9293307 0.7922441 0.9706693 0 P 0
L 0.805 1.115315 0.805 1.154685 0 P 0
L 0.8143307 0.3627559 0.8143307 0.4572441 0 P 0
L 0.8143307 0.3627559 0.8556693 0.3627559 0 P 0
L 0.8143307 0.4572441 0.8556693 0.4572441 0 P 0
L 0.8162992 0.41 0.8537008 0.41 0 P 0
L 0.8162993 1.035 0.8537008 1.035 0 P 0
L 0.835 0.3912993 0.835 0.4287008 0 P 0
L 0.835 1.0162992 0.835 1.0537008 0 P 0
L 0.8556693 0.3627559 0.8556693 0.4572441 0 P 0
L 0.8743307 0.1077559 0.8743307 0.2022441 0 P 0
L 0.8743307 0.1077559 0.9156693 0.1077559 0 P 0
L 0.8743307 0.2022441 0.9156693 0.2022441 0 P 0
L 0.8762992 0.155 0.9137008 0.155 0 P 0
L 0.8822441 1.0143307 0.8822441 1.0556693 0 P 0
L 0.8837402 1.0798819 0.8837402 1.1901181 0 P 0
L 0.895 0.1362992 0.895 0.1737007 0 P 0
L 0.9043307 0.3627559 0.9043307 0.4572441 0 P 0
L 0.9043307 0.3627559 0.9456693 0.3627559 0 P 0
L 0.9043307 0.4572441 0.9456693 0.4572441 0 P 0
L 0.9062992 0.41 0.9437008 0.41 0 P 0
L 0.9143307 1.0627559 0.9143307 1.1572441 0 P 0
L 0.9143307 1.0627559 0.9556693 1.0627559 0 P 0
L 0.9143307 1.1572441 0.9556693 1.1572441 0 P 0
L 0.9156693 0.1077559 0.9156693 0.2022441 0 P 0
L 0.9162992 1.11 0.9537008 1.11 0 P 0
L 0.925 0.3912992 0.925 0.4287007 0 P 0
L 0.935 1.0912993 0.935 1.1287008 0 P 0
L 0.9456693 0.3627559 0.9456693 0.4572441 0 P 0
L 0.9556693 1.0627559 0.9556693 1.1572441 0 P 0
L 0.9643307 1.4027559 0.9643307 1.4972441 0 P 0
L 0.9643307 1.4027559 1.0056693 1.4027559 0 P 0
L 0.9643307 1.4972441 1.0056693 1.4972441 0 P 0
L 0.9662992 1.45 1.0037008 1.45 0 P 0
L 0.9843307 1.1527559 0.9843307 1.2472441 0 P 0
L 0.9843307 1.1527559 1.0256693 1.1527559 0 P 0
L 0.9843307 1.2472441 1.0256693 1.2472441 0 P 0
L 0.985 1.4312992 0.985 1.4687007 0 P 0
L 0.9862992 1.2 1.0237008 1.2 0 P 0
L 1.005 1.1812992 1.005 1.2187007 0 P 0
L 1.0056693 1.4027559 1.0056693 1.4972441 0 P 0
L 1.0256693 1.1527559 1.0256693 1.2472441 0 P 0
L 1.0343307 1.4027559 1.0343307 1.4972441 0 P 0
L 1.0343307 1.4027559 1.0756693 1.4027559 0 P 0
L 1.0343307 1.4972441 1.0756693 1.4972441 0 P 0
L 1.0362992 1.45 1.0737008 1.45 0 P 0
L 1.0393307 0.0877559 1.0393307 0.1822441 0 P 0
L 1.0393307 0.0877559 1.0806693 0.0877559 0 P 0
L 1.0393307 0.1822441 1.0806693 0.1822441 0 P 0
L 1.0412992 0.135 1.0787008 0.135 0 P 0
L 1.055 1.4312992 1.055 1.4687007 0 P 0
L 1.058504 0.2738977 1.058504 0.3861024 0 P 0
L 1.058504 0.2738977 1.1214961 0.2738977 0 P 0
L 1.058504 0.3861024 1.1214961 0.3861024 0 P 0
L 1.06 0.1162992 1.06 0.1537007 0 P 0
L 1.070315 0.33 1.1096851 0.33 0 P 0
L 1.0756693 1.4027559 1.0756693 1.4972441 0 P 0
L 1.0806693 0.0877559 1.0806693 0.1822441 0 P 0
L 1.09 0.310315 1.09 0.3496851 0 P 0
L 1.0943307 2.1477559 1.0943307 2.2422441 0 P 0
L 1.0943307 2.1477559 1.1356693 2.1477559 0 P 0
L 1.0943307 2.2422441 1.1356693 2.2422441 0 P 0
L 1.0962992 2.195 1.1337008 2.195 0 P 0
L 1.0993307 1.1527559 1.0993307 1.2472441 0 P 0
L 1.0993307 1.1527559 1.1406693 1.1527559 0 P 0
L 1.0993307 1.2472441 1.1406693 1.2472441 0 P 0
L 1.1012992 1.2 1.1387008 1.2 0 P 0
L 1.115 2.1762992 1.115 2.2137007 0 P 0
L 1.12 1.1812992 1.12 1.2187007 0 P 0
L 1.1214961 0.2738977 1.1214961 0.3861024 0 P 0
L 1.1248819 1.3412598 1.1248819 1.4987402 0 P 0
L 1.1248819 1.3412598 1.2351181 1.3412598 0 P 0
L 1.1248819 1.4987402 1.2351181 1.4987402 0 P 0
L 1.1356693 2.1477559 1.1356693 2.2422441 0 P 0
L 1.1406693 1.1527559 1.1406693 1.2472441 0 P 0
L 1.1543307 0.1427559 1.1543307 0.2372441 0 P 0
L 1.1543307 0.1427559 1.1956693 0.1427559 0 P 0
L 1.1543307 0.2372441 1.1956693 0.2372441 0 P 0
L 1.1543307 0.2977559 1.1543307 0.3922441 0 P 0
L 1.1543307 0.2977559 1.1956693 0.2977559 0 P 0
L 1.1543307 0.3922441 1.1956693 0.3922441 0 P 0
L 1.1562992 0.19 1.1937008 0.19 0 P 0
L 1.1562992 0.345 1.1937008 0.345 0 P 0
L 1.160315 1.42 1.199685 1.42 0 P 0
L 1.175 0.1712992 1.175 0.2087007 0 P 0
L 1.175 0.3262992 1.175 0.3637007 0 P 0
L 1.18 1.400315 1.18 1.439685 0 P 0
L 1.1956693 0.1427559 1.1956693 0.2372441 0 P 0
L 1.1956693 0.2977559 1.1956693 0.3922441 0 P 0
L 1.2043307 1.1527559 1.2043307 1.2472441 0 P 0
L 1.2043307 1.1527559 1.2456693 1.1527559 0 P 0
L 1.2043307 1.2472441 1.2456693 1.2472441 0 P 0
L 1.2062992 1.2 1.2437008 1.2 0 P 0
L 1.225 1.1812992 1.225 1.2187007 0 P 0
L 1.2351181 1.3412598 1.2351181 1.4987402 0 P 0
L 1.2456693 1.1527559 1.2456693 1.2472441 0 P 0
L 1.3643307 0.1327559 1.3643307 0.2272441 0 P 0
L 1.3643307 0.1327559 1.4056693 0.1327559 0 P 0
L 1.3643307 0.2272441 1.4056693 0.2272441 0 P 0
L 1.3662992 0.18 1.4037008 0.18 0 P 0
L 1.3777559 0.4393307 1.3777559 0.4806693 0 P 0
L 1.3777559 0.4393307 1.4722441 0.4393307 0 P 0
L 1.3777559 0.4806693 1.4722441 0.4806693 0 P 0
L 1.3777559 0.5093307 1.3777559 0.5506693 0 P 0
L 1.3777559 0.5093307 1.4722441 0.5093307 0 P 0
L 1.3777559 0.5506693 1.4722441 0.5506693 0 P 0
L 1.385 0.1612992 1.385 0.1987007 0 P 0
L 1.4056693 0.1327559 1.4056693 0.2272441 0 P 0
L 1.4062992 0.46 1.4437007 0.46 0 P 0
L 1.4062992 0.53 1.4437007 0.53 0 P 0
L 1.425 0.4412992 1.425 0.4787008 0 P 0
L 1.425 0.5112992 1.425 0.5487008 0 P 0
L 1.4362598 1.0798819 1.4362598 1.1901181 0 P 0
L 1.4362598 1.0798819 1.5937402 1.0798819 0 P 0
L 1.4362598 1.1901181 1.5937402 1.1901181 0 P 0
L 1.4377559 1.0143307 1.4377559 1.0556693 0 P 0
L 1.4377559 1.0143307 1.5322441 1.0143307 0 P 0
L 1.4377559 1.0556693 1.5322441 1.0556693 0 P 0
L 1.4513307 0.2677559 1.4513307 0.3622441 0 P 0
L 1.4513307 0.2677559 1.4926693 0.2677559 0 P 0
L 1.4513307 0.3622441 1.4926693 0.3622441 0 P 0
L 1.4532992 0.315 1.4907008 0.315 0 P 0
L 1.4662992 1.035 1.5037007 1.035 0 P 0
L 1.472 0.2962992 1.472 0.3337007 0 P 0
L 1.4722441 0.4393307 1.4722441 0.4806693 0 P 0
L 1.4722441 0.5093307 1.4722441 0.5506693 0 P 0
L 1.485 1.0162992 1.485 1.0537008 0 P 0
L 1.4926693 0.2677559 1.4926693 0.3622441 0 P 0
L 1.4943307 0.1327559 1.4943307 0.2272441 0 P 0
L 1.4943307 0.1327559 1.5356693 0.1327559 0 P 0
L 1.4943307 0.2272441 1.5356693 0.2272441 0 P 0
L 1.495315 1.135 1.534685 1.135 0 P 0
L 1.4962992 0.18 1.5337008 0.18 0 P 0
L 1.515 0.1612992 1.515 0.1987007 0 P 0
L 1.515 1.115315 1.515 1.154685 0 P 0
L 1.5243307 1.4027559 1.5243307 1.4972441 0 P 0
L 1.5243307 1.4027559 1.5656693 1.4027559 0 P 0
L 1.5243307 1.4972441 1.5656693 1.4972441 0 P 0
L 1.5262992 1.45 1.5637008 1.45 0 P 0
L 1.5322441 1.0143307 1.5322441 1.0556693 0 P 0
L 1.5356693 0.1327559 1.5356693 0.2272441 0 P 0
L 1.545 1.4312992 1.545 1.4687007 0 P 0
L 1.5643307 0.1327559 1.5643307 0.2272441 0 P 0
L 1.5643307 0.1327559 1.6056693 0.1327559 0 P 0
L 1.5643307 0.2272441 1.6056693 0.2272441 0 P 0
L 1.5643307 0.2677559 1.5643307 0.3622441 0 P 0
L 1.5643307 0.2677559 1.6056693 0.2677559 0 P 0
L 1.5643307 0.3622441 1.6056693 0.3622441 0 P 0
L 1.5656693 1.4027559 1.5656693 1.4972441 0 P 0
L 1.5662992 0.18 1.6037008 0.18 0 P 0
L 1.5662992 0.315 1.6037008 0.315 0 P 0
L 1.585 0.1612992 1.585 0.1987007 0 P 0
L 1.585 0.2962993 1.585 0.3337008 0 P 0
L 1.5937402 1.0798819 1.5937402 1.1901181 0 P 0
L 1.5943307 1.4027559 1.5943307 1.4972441 0 P 0
L 1.5943307 1.4027559 1.6356693 1.4027559 0 P 0
L 1.5943307 1.4972441 1.6356693 1.4972441 0 P 0
L 1.5962992 1.45 1.6337008 1.45 0 P 0
L 1.6056693 0.1327559 1.6056693 0.2272441 0 P 0
L 1.6056693 0.2677559 1.6056693 0.3622441 0 P 0
L 1.615 1.4312992 1.615 1.4687007 0 P 0
L 1.6343307 0.1327559 1.6343307 0.2272441 0 P 0
L 1.6343307 0.1327559 1.6756693 0.1327559 0 P 0
L 1.6343307 0.2272441 1.6756693 0.2272441 0 P 0
L 1.6356693 1.4027559 1.6356693 1.4972441 0 P 0
L 1.6362992 0.18 1.6737008 0.18 0 P 0
L 1.655 0.1612992 1.655 0.1987007 0 P 0
L 1.6756693 0.1327559 1.6756693 0.2272441 0 P 0
L 1.6848819 1.3412598 1.6848819 1.4987402 0 P 0
L 1.6848819 1.3412598 1.7951181 1.3412598 0 P 0
L 1.6848819 1.4987402 1.7951181 1.4987402 0 P 0
L 1.720315 1.42 1.759685 1.42 0 P 0
L 1.74 1.400315 1.74 1.439685 0 P 0
L 1.7951181 1.3412598 1.7951181 1.4987402 0 P 0
L 2.0843307 1.4027559 2.0843307 1.4972441 0 P 0
L 2.0843307 1.4027559 2.1256693 1.4027559 0 P 0
L 2.0843307 1.4972441 2.1256693 1.4972441 0 P 0
L 2.0862992 1.45 2.1237008 1.45 0 P 0
L 2.105 1.4312992 2.105 1.4687007 0 P 0
L 2.1256693 1.4027559 2.1256693 1.4972441 0 P 0
