#Layer_Color=16711935
#
#Feature symbol names
#
$0 r7
$1 r0.0394
$2 r3.937

#
#Feature attribute names
#

#
#Layer features
#
A 0.0360358 0.9217006 0.2739642 0.9217006 0.155 0.965 0 P 0 N
A 0.0436236 1.4573759 0.4244249 1.4575188 0.234 1.522 0 P 0 N
A 0.2888583 0.965 0.2888583 0.965 0.155 0.965 0 P 0 N
A 0.4243764 2.1016241 0.0435751 2.1014812 0.234 2.037 0 P 0 N
A 0.4406929 1.522 0.4406929 1.522 0.234 1.522 1 P 0 N
A 0.4406929 2.037 0.4406929 2.037 0.234 2.037 1 P 0 N
L 0.0360358 0.9217006 0.2739642 0.9217006 0 P 0
L 0.0435749 2.1016305 0.4243953 2.1016305 0 P 0
L 0.0436047 1.4573695 0.4244251 1.4573695 0 P 0
L 0.0805512 1.1462992 0.0805512 1.1837008 2 P 0
L 0.0805512 1.1462992 0.1494489 1.1462992 2 P 0
L 0.0805512 1.1837008 0.1494489 1.1837008 2 P 0
L 0.0805512 1.2162992 0.0805512 1.2537008 2 P 0
L 0.0805512 1.2162992 0.1494489 1.2162992 2 P 0
L 0.0805512 1.2537008 0.1494489 1.2537008 2 P 0
L 0.0933465 1.1462992 0.0933465 1.1837008 2 P 0
L 0.0933465 1.2162992 0.0933465 1.2537008 2 P 0
L 0.1366535 1.1462992 0.1366535 1.1837008 2 P 0
L 0.1366535 1.2162992 0.1366535 1.2537008 2 P 0
L 0.1494489 1.1462992 0.1494489 1.1837008 2 P 0
L 0.1494489 1.2162992 0.1494489 1.2537008 2 P 0
L 0.1512992 0.4355511 0.1512992 0.5044488 2 P 0
L 0.1512992 0.4355511 0.1887008 0.4355511 2 P 0
L 0.1512992 0.4483465 0.1887008 0.4483465 2 P 0
L 0.1512992 0.4916535 0.1887008 0.4916535 2 P 0
L 0.1512992 0.5044488 0.1887008 0.5044488 2 P 0
L 0.1887008 0.4355511 0.1887008 0.5044488 2 P 0
L 0.2162992 0.1205512 0.2162992 0.1894489 2 P 0
L 0.2162992 0.1205512 0.2537008 0.1205512 2 P 0
L 0.2162992 0.1333465 0.2537008 0.1333465 2 P 0
L 0.2162992 0.1766535 0.2537008 0.1766535 2 P 0
L 0.2162992 0.1894489 0.2537008 0.1894489 2 P 0
L 0.2212992 0.3755512 0.2212992 0.4444489 2 P 0
L 0.2212992 0.3755512 0.2587008 0.3755512 2 P 0
L 0.2212992 0.3883465 0.2587008 0.3883465 2 P 0
L 0.2212992 0.4316535 0.2587008 0.4316535 2 P 0
L 0.2212992 0.4444489 0.2587008 0.4444489 2 P 0
L 0.2212992 0.5105512 0.2212992 0.5794489 2 P 0
L 0.2212992 0.5105512 0.2587008 0.5105512 2 P 0
L 0.2212992 0.5233465 0.2587008 0.5233465 2 P 0
L 0.2212992 0.5666535 0.2587008 0.5666535 2 P 0
L 0.2212992 0.5794489 0.2587008 0.5794489 2 P 0
L 0.2537008 0.1205512 0.2537008 0.1894489 2 P 0
L 0.2587008 0.3755512 0.2587008 0.4444489 2 P 0
L 0.2587008 0.5105512 0.2587008 0.5794489 2 P 0
L 0.2812992 0.1205511 0.2812992 0.1894488 2 P 0
L 0.2812992 0.1205511 0.3187008 0.1205511 2 P 0
L 0.2812992 0.1333465 0.3187008 0.1333465 2 P 0
L 0.2812992 0.1766535 0.3187008 0.1766535 2 P 0
L 0.2812992 0.1894488 0.3187008 0.1894488 2 P 0
L 0.3162992 0.5855511 0.3162992 0.6544488 2 P 0
L 0.3162992 0.5855511 0.3537008 0.5855511 2 P 0
L 0.3162992 0.5983465 0.3537008 0.5983465 2 P 0
L 0.3162992 0.6416535 0.3537008 0.6416535 2 P 0
L 0.3162992 0.6544488 0.3537008 0.6544488 2 P 0
L 0.3187008 0.1205511 0.3187008 0.1894488 2 P 0
L 0.3537008 0.5855511 0.3537008 0.6544488 2 P 0
L 0.3805511 0.3412992 0.3805511 0.3787008 2 P 0
L 0.3805511 0.3412992 0.4494488 0.3412992 2 P 0
L 0.3805511 0.3787008 0.4494488 0.3787008 2 P 0
L 0.3862992 0.5855512 0.3862992 0.6544489 2 P 0
L 0.3862992 0.5855512 0.4237008 0.5855512 2 P 0
L 0.3862992 0.5983465 0.4237008 0.5983465 2 P 0
L 0.3862992 0.6416535 0.4237008 0.6416535 2 P 0
L 0.3862992 0.6544489 0.4237008 0.6544489 2 P 0
L 0.3933465 0.3412992 0.3933465 0.3787008 2 P 0
L 0.4237008 0.5855512 0.4237008 0.6544489 2 P 0
L 0.4366535 0.3412992 0.4366535 0.3787008 2 P 0
L 0.4494488 0.3412992 0.4494488 0.3787008 2 P 0
L 0.4862992 1.4155511 0.4862992 1.4844488 2 P 0
L 0.4862992 1.4155511 0.5237008 1.4155511 2 P 0
L 0.4862992 1.4283465 0.5237008 1.4283465 2 P 0
L 0.4862992 1.4716535 0.5237008 1.4716535 2 P 0
L 0.4862992 1.4844488 0.5237008 1.4844488 2 P 0
L 0.4955512 0.2262992 0.4955512 0.2637008 2 P 0
L 0.4955512 0.2262992 0.5644489 0.2262992 2 P 0
L 0.4955512 0.2637008 0.5644489 0.2637008 2 P 0
L 0.5005512 0.4112992 0.5005512 0.4487008 2 P 0
L 0.5005512 0.4112992 0.5694489 0.4112992 2 P 0
L 0.5005512 0.4487008 0.5694489 0.4487008 2 P 0
L 0.5005512 0.5012992 0.5005512 0.5387008 2 P 0
L 0.5005512 0.5012992 0.5694489 0.5012992 2 P 0
L 0.5005512 0.5387008 0.5694489 0.5387008 2 P 0
L 0.5083465 0.2262992 0.5083465 0.2637008 2 P 0
L 0.5133465 0.4112992 0.5133465 0.4487008 2 P 0
L 0.5133465 0.5012992 0.5133465 0.5387008 2 P 0
L 0.5237008 1.4155511 0.5237008 1.4844488 2 P 0
L 0.5516535 0.2262992 0.5516535 0.2637008 2 P 0
L 0.5566535 0.4112992 0.5566535 0.4487008 2 P 0
L 0.5566535 0.5012992 0.5566535 0.5387008 2 P 0
L 0.5644489 0.2262992 0.5644489 0.2637008 2 P 0
L 0.5668504 1.3530708 0.5668504 1.4869291 2 P 0
L 0.5668504 1.3530708 0.6731496 1.3530708 2 P 0
L 0.5668504 1.3727558 0.6731496 1.3727558 2 P 0
L 0.5668504 1.4672442 0.6731496 1.4672442 2 P 0
L 0.5668504 1.4869291 0.6731496 1.4869291 2 P 0
L 0.5694489 0.4112992 0.5694489 0.4487008 2 P 0
L 0.5694489 0.5012992 0.5694489 0.5387008 2 P 0
L 0.6305512 0.2262992 0.6305512 0.2637008 2 P 0
L 0.6305512 0.2262992 0.6994489 0.2262992 2 P 0
L 0.6305512 0.2637008 0.6994489 0.2637008 2 P 0
L 0.6433465 0.2262992 0.6433465 0.2637008 2 P 0
L 0.6731496 1.3530708 0.6731496 1.4869291 2 P 0
L 0.6762992 0.3755511 0.6762992 0.4444488 2 P 0
L 0.6762992 0.3755511 0.7137008 0.3755511 2 P 0
L 0.6762992 0.3883465 0.7137008 0.3883465 2 P 0
L 0.6762992 0.4316535 0.7137008 0.4316535 2 P 0
L 0.6762992 0.4444488 0.7137008 0.4444488 2 P 0
L 0.6762992 0.5105511 0.6762992 0.5794488 2 P 0
L 0.6762992 0.5105511 0.7137008 0.5105511 2 P 0
L 0.6762992 0.5233465 0.7137008 0.5233465 2 P 0
L 0.6762992 0.5666535 0.7137008 0.5666535 2 P 0
L 0.6762992 0.5794488 0.7137008 0.5794488 2 P 0
L 0.6762992 0.6455511 0.6762992 0.7144488 2 P 0
L 0.6762992 0.6455511 0.7137008 0.6455511 2 P 0
L 0.6762992 0.6583465 0.7137008 0.6583465 2 P 0
L 0.6762992 0.7016535 0.7137008 0.7016535 2 P 0
L 0.6762992 0.7144488 0.7137008 0.7144488 2 P 0
L 0.6866535 0.2262992 0.6866535 0.2637008 2 P 0
L 0.6994489 0.2262992 0.6994489 0.2637008 2 P 0
L 0.7105512 0.9312992 0.7105512 0.9687008 2 P 0
L 0.7105512 0.9312992 0.7794489 0.9312992 2 P 0
L 0.7105512 0.9687008 0.7794489 0.9687008 2 P 0
L 0.7137008 0.3755511 0.7137008 0.4444488 2 P 0
L 0.7137008 0.5105511 0.7137008 0.5794488 2 P 0
L 0.7137008 0.6455511 0.7137008 0.7144488 2 P 0
L 0.7233465 0.9312992 0.7233465 0.9687008 2 P 0
L 0.7380708 1.0818504 0.7380708 1.1881496 2 P 0
L 0.7380708 1.0818504 0.8719291 1.0818504 2 P 0
L 0.7380708 1.1881496 0.8719291 1.1881496 2 P 0
L 0.7462992 0.3755512 0.7462992 0.4444489 2 P 0
L 0.7462992 0.3755512 0.7837008 0.3755512 2 P 0
L 0.7462992 0.3883465 0.7837008 0.3883465 2 P 0
L 0.7462992 0.4316535 0.7837008 0.4316535 2 P 0
L 0.7462992 0.4444489 0.7837008 0.4444489 2 P 0
L 0.7462992 0.5105511 0.7462992 0.5794488 2 P 0
L 0.7462992 0.5105511 0.7837008 0.5105511 2 P 0
L 0.7462992 0.5233465 0.7837008 0.5233465 2 P 0
L 0.7462992 0.5666535 0.7837008 0.5666535 2 P 0
L 0.7462992 0.5794488 0.7837008 0.5794488 2 P 0
L 0.7462992 0.6455512 0.7462992 0.7144489 2 P 0
L 0.7462992 0.6455512 0.7837008 0.6455512 2 P 0
L 0.7462992 0.6583465 0.7837008 0.6583465 2 P 0
L 0.7462992 0.7016535 0.7837008 0.7016535 2 P 0
L 0.7462992 0.7144489 0.7837008 0.7144489 2 P 0
L 0.7577558 1.0818504 0.7577558 1.1881496 2 P 0
L 0.7666535 0.9312992 0.7666535 0.9687008 2 P 0
L 0.7794489 0.9312992 0.7794489 0.9687008 2 P 0
L 0.7837008 0.3755512 0.7837008 0.4444489 2 P 0
L 0.7837008 0.5105511 0.7837008 0.5794488 2 P 0
L 0.7837008 0.6455512 0.7837008 0.7144489 2 P 0
L 0.8005512 1.0162992 0.8005512 1.0537008 2 P 0
L 0.8005512 1.0162992 0.8694489 1.0162992 2 P 0
L 0.8005512 1.0537008 0.8694489 1.0537008 2 P 0
L 0.8133465 1.0162992 0.8133465 1.0537008 2 P 0
L 0.8162992 0.3755512 0.8162992 0.4444489 2 P 0
L 0.8162992 0.3755512 0.8537008 0.3755512 2 P 0
L 0.8162992 0.3883465 0.8537008 0.3883465 2 P 0
L 0.8162992 0.4316535 0.8537008 0.4316535 2 P 0
L 0.8162992 0.4444489 0.8537008 0.4444489 2 P 0
L 0.8522442 1.0818504 0.8522442 1.1881496 2 P 0
L 0.8537008 0.3755512 0.8537008 0.4444489 2 P 0
L 0.8566535 1.0162992 0.8566535 1.0537008 2 P 0
L 0.8694489 1.0162992 0.8694489 1.0537008 2 P 0
L 0.8719291 1.0818504 0.8719291 1.1881496 2 P 0
L 0.8762992 0.1205511 0.8762992 0.1894488 2 P 0
L 0.8762992 0.1205511 0.9137008 0.1205511 2 P 0
L 0.8762992 0.1333465 0.9137008 0.1333465 2 P 0
L 0.8762992 0.1766535 0.9137008 0.1766535 2 P 0
L 0.8762992 0.1894488 0.9137008 0.1894488 2 P 0
L 0.9062992 0.3755511 0.9062992 0.4444488 2 P 0
L 0.9062992 0.3755511 0.9437008 0.3755511 2 P 0
L 0.9062992 0.3883465 0.9437008 0.3883465 2 P 0
L 0.9062992 0.4316535 0.9437008 0.4316535 2 P 0
L 0.9062992 0.4444488 0.9437008 0.4444488 2 P 0
L 0.9137008 0.1205511 0.9137008 0.1894488 2 P 0
L 0.9162992 1.0755512 0.9162992 1.1444489 2 P 0
L 0.9162992 1.0755512 0.9537008 1.0755512 2 P 0
L 0.9162992 1.0883465 0.9537008 1.0883465 2 P 0
L 0.9162992 1.1316535 0.9537008 1.1316535 2 P 0
L 0.9162992 1.1444489 0.9537008 1.1444489 2 P 0
L 0.9437008 0.3755511 0.9437008 0.4444488 2 P 0
L 0.9537008 1.0755512 0.9537008 1.1444489 2 P 0
L 0.9662992 1.4155511 0.9662992 1.4844488 2 P 0
L 0.9662992 1.4155511 1.0037008 1.4155511 2 P 0
L 0.9662992 1.4283465 1.0037008 1.4283465 2 P 0
L 0.9662992 1.4716535 1.0037008 1.4716535 2 P 0
L 0.9662992 1.4844488 1.0037008 1.4844488 2 P 0
L 0.9862992 1.1655511 0.9862992 1.2344488 2 P 0
L 0.9862992 1.1655511 1.0237008 1.1655511 2 P 0
L 0.9862992 1.1783465 1.0237008 1.1783465 2 P 0
L 0.9862992 1.2216535 1.0237008 1.2216535 2 P 0
L 0.9862992 1.2344488 1.0237008 1.2344488 2 P 0
L 1.0037008 1.4155511 1.0037008 1.4844488 2 P 0
L 1.0237008 1.1655511 1.0237008 1.2344488 2 P 0
L 1.0362992 1.4155511 1.0362992 1.4844488 2 P 0
L 1.0362992 1.4155511 1.0737008 1.4155511 2 P 0
L 1.0362992 1.4283465 1.0737008 1.4283465 2 P 0
L 1.0362992 1.4716535 1.0737008 1.4716535 2 P 0
L 1.0362992 1.4844488 1.0737008 1.4844488 2 P 0
L 1.0412992 0.1005511 1.0412992 0.1694488 2 P 0
L 1.0412992 0.1005511 1.0787008 0.1005511 2 P 0
L 1.0412992 0.1133465 1.0787008 0.1133465 2 P 0
L 1.0412992 0.1566535 1.0787008 0.1566535 2 P 0
L 1.0412992 0.1694488 1.0787008 0.1694488 2 P 0
L 1.0614567 0.2866929 1.0614567 0.3733071 2 P 0
L 1.0614567 0.2866929 1.1185433 0.2866929 2 P 0
L 1.0614567 0.3044094 1.1185433 0.3044094 2 P 0
L 1.0614567 0.3555906 1.1185433 0.3555906 2 P 0
L 1.0614567 0.3733071 1.1185433 0.3733071 2 P 0
L 1.0737008 1.4155511 1.0737008 1.4844488 2 P 0
L 1.0787008 0.1005511 1.0787008 0.1694488 2 P 0
L 1.0962992 2.1605511 1.0962992 2.2294488 2 P 0
L 1.0962992 2.1605511 1.1337008 2.1605511 2 P 0
L 1.0962992 2.1733465 1.1337008 2.1733465 2 P 0
L 1.0962992 2.2166535 1.1337008 2.2166535 2 P 0
L 1.0962992 2.2294488 1.1337008 2.2294488 2 P 0
L 1.1012992 1.1655511 1.1012992 1.2344488 2 P 0
L 1.1012992 1.1655511 1.1387008 1.1655511 2 P 0
L 1.1012992 1.1783465 1.1387008 1.1783465 2 P 0
L 1.1012992 1.2216535 1.1387008 1.2216535 2 P 0
L 1.1012992 1.2344488 1.1387008 1.2344488 2 P 0
L 1.1185433 0.2866929 1.1185433 0.3733071 2 P 0
L 1.1268504 1.3530708 1.1268504 1.4869291 2 P 0
L 1.1268504 1.3530708 1.2331496 1.3530708 2 P 0
L 1.1268504 1.3727558 1.2331496 1.3727558 2 P 0
L 1.1268504 1.4672442 1.2331496 1.4672442 2 P 0
L 1.1268504 1.4869291 1.2331496 1.4869291 2 P 0
L 1.1337008 2.1605511 1.1337008 2.2294488 2 P 0
L 1.1387008 1.1655511 1.1387008 1.2344488 2 P 0
L 1.1562992 0.1555511 1.1562992 0.2244488 2 P 0
L 1.1562992 0.1555511 1.1937008 0.1555511 2 P 0
L 1.1562992 0.1683465 1.1937008 0.1683465 2 P 0
L 1.1562992 0.2116535 1.1937008 0.2116535 2 P 0
L 1.1562992 0.2244488 1.1937008 0.2244488 2 P 0
L 1.1562992 0.3105511 1.1562992 0.3794488 2 P 0
L 1.1562992 0.3105511 1.1937008 0.3105511 2 P 0
L 1.1562992 0.3233465 1.1937008 0.3233465 2 P 0
L 1.1562992 0.3666535 1.1937008 0.3666535 2 P 0
L 1.1562992 0.3794488 1.1937008 0.3794488 2 P 0
L 1.1937008 0.1555511 1.1937008 0.2244488 2 P 0
L 1.1937008 0.3105511 1.1937008 0.3794488 2 P 0
L 1.2062992 1.1655511 1.2062992 1.2344488 2 P 0
L 1.2062992 1.1655511 1.2437008 1.1655511 2 P 0
L 1.2062992 1.1783465 1.2437008 1.1783465 2 P 0
L 1.2062992 1.2216535 1.2437008 1.2216535 2 P 0
L 1.2062992 1.2344488 1.2437008 1.2344488 2 P 0
L 1.2331496 1.3530708 1.2331496 1.4869291 2 P 0
L 1.2437008 1.1655511 1.2437008 1.2344488 2 P 0
L 1.3662992 0.1455511 1.3662992 0.2144488 2 P 0
L 1.3662992 0.1455511 1.4037008 0.1455511 2 P 0
L 1.3662992 0.1583465 1.4037008 0.1583465 2 P 0
L 1.3662992 0.2016535 1.4037008 0.2016535 2 P 0
L 1.3662992 0.2144488 1.4037008 0.2144488 2 P 0
L 1.3905511 0.4412992 1.3905511 0.4787008 2 P 0
L 1.3905511 0.4412992 1.4594488 0.4412992 2 P 0
L 1.3905511 0.4787008 1.4594488 0.4787008 2 P 0
L 1.3905511 0.5112992 1.3905511 0.5487008 2 P 0
L 1.3905511 0.5112992 1.4594488 0.5112992 2 P 0
L 1.3905511 0.5487008 1.4594488 0.5487008 2 P 0
L 1.4033465 0.4412992 1.4033465 0.4787008 2 P 0
L 1.4033465 0.5112992 1.4033465 0.5487008 2 P 0
L 1.4037008 0.1455511 1.4037008 0.2144488 2 P 0
L 1.4466535 0.4412992 1.4466535 0.4787008 2 P 0
L 1.4466535 0.5112992 1.4466535 0.5487008 2 P 0
L 1.4480709 1.0818504 1.4480709 1.1881496 2 P 0
L 1.4480709 1.0818504 1.5819292 1.0818504 2 P 0
L 1.4480709 1.1881496 1.5819292 1.1881496 2 P 0
L 1.4505511 1.0162992 1.4505511 1.0537008 2 P 0
L 1.4505511 1.0162992 1.5194488 1.0162992 2 P 0
L 1.4505511 1.0537008 1.5194488 1.0537008 2 P 0
L 1.4532992 0.2805511 1.4532992 0.3494488 2 P 0
L 1.4532992 0.2805511 1.4907008 0.2805511 2 P 0
L 1.4532992 0.2933465 1.4907008 0.2933465 2 P 0
L 1.4532992 0.3366535 1.4907008 0.3366535 2 P 0
L 1.4532992 0.3494488 1.4907008 0.3494488 2 P 0
L 1.4594488 0.4412992 1.4594488 0.4787008 2 P 0
L 1.4594488 0.5112992 1.4594488 0.5487008 2 P 0
L 1.4633465 1.0162992 1.4633465 1.0537008 2 P 0
L 1.4677558 1.0818504 1.4677558 1.1881496 2 P 0
L 1.4907008 0.2805511 1.4907008 0.3494488 2 P 0
L 1.4962992 0.1455511 1.4962992 0.2144488 2 P 0
L 1.4962992 0.1455511 1.5337008 0.1455511 2 P 0
L 1.4962992 0.1583465 1.5337008 0.1583465 2 P 0
L 1.4962992 0.2016535 1.5337008 0.2016535 2 P 0
L 1.4962992 0.2144488 1.5337008 0.2144488 2 P 0
L 1.5066535 1.0162992 1.5066535 1.0537008 2 P 0
L 1.5194488 1.0162992 1.5194488 1.0537008 2 P 0
L 1.5262992 1.4155511 1.5262992 1.4844488 2 P 0
L 1.5262992 1.4155511 1.5637008 1.4155511 2 P 0
L 1.5262992 1.4283465 1.5637008 1.4283465 2 P 0
L 1.5262992 1.4716535 1.5637008 1.4716535 2 P 0
L 1.5262992 1.4844488 1.5637008 1.4844488 2 P 0
L 1.5337008 0.1455511 1.5337008 0.2144488 2 P 0
L 1.5622442 1.0818504 1.5622442 1.1881496 2 P 0
L 1.5637008 1.4155511 1.5637008 1.4844488 2 P 0
L 1.5662992 0.1455511 1.5662992 0.2144488 2 P 0
L 1.5662992 0.1455511 1.6037008 0.1455511 2 P 0
L 1.5662992 0.1583465 1.6037008 0.1583465 2 P 0
L 1.5662992 0.2016535 1.6037008 0.2016535 2 P 0
L 1.5662992 0.2144488 1.6037008 0.2144488 2 P 0
L 1.5662992 0.2805512 1.5662992 0.3494489 2 P 0
L 1.5662992 0.2805512 1.6037008 0.2805512 2 P 0
L 1.5662992 0.2933465 1.6037008 0.2933465 2 P 0
L 1.5662992 0.3366535 1.6037008 0.3366535 2 P 0
L 1.5662992 0.3494489 1.6037008 0.3494489 2 P 0
L 1.5819292 1.0818504 1.5819292 1.1881496 2 P 0
L 1.5962992 1.4155511 1.5962992 1.4844488 2 P 0
L 1.5962992 1.4155511 1.6337008 1.4155511 2 P 0
L 1.5962992 1.4283465 1.6337008 1.4283465 2 P 0
L 1.5962992 1.4716535 1.6337008 1.4716535 2 P 0
L 1.5962992 1.4844488 1.6337008 1.4844488 2 P 0
L 1.6037008 0.1455511 1.6037008 0.2144488 2 P 0
L 1.6037008 0.2805512 1.6037008 0.3494489 2 P 0
L 1.6337008 1.4155511 1.6337008 1.4844488 2 P 0
L 1.6362992 0.1455511 1.6362992 0.2144488 2 P 0
L 1.6362992 0.1455511 1.6737008 0.1455511 2 P 0
L 1.6362992 0.1583465 1.6737008 0.1583465 2 P 0
L 1.6362992 0.2016535 1.6737008 0.2016535 2 P 0
L 1.6362992 0.2144488 1.6737008 0.2144488 2 P 0
L 1.6737008 0.1455511 1.6737008 0.2144488 2 P 0
L 1.6868504 1.3530708 1.6868504 1.4869291 2 P 0
L 1.6868504 1.3530708 1.7931496 1.3530708 2 P 0
L 1.6868504 1.3727558 1.7931496 1.3727558 2 P 0
L 1.6868504 1.4672442 1.7931496 1.4672442 2 P 0
L 1.6868504 1.4869291 1.7931496 1.4869291 2 P 0
L 1.7931496 1.3530708 1.7931496 1.4869291 2 P 0
L 2.0862992 1.4155511 2.0862992 1.4844488 2 P 0
L 2.0862992 1.4155511 2.1237008 1.4155511 2 P 0
L 2.0862992 1.4283465 2.1237008 1.4283465 2 P 0
L 2.0862992 1.4716535 2.1237008 1.4716535 2 P 0
L 2.0862992 1.4844488 2.1237008 1.4844488 2 P 0
L 2.1237008 1.4155511 2.1237008 1.4844488 2 P 0
